20455828_2605100732.jpg 263 82 29 56 35 435 890 293 126 129
20455953_2495695852.jpg 183 17 1454 304 43 259 312 11 130 795
20456062_1743140291.jpg 153 432 950 150 65 899 115 7 97 49
20456156_569666054.jpg 466 28 192 99 412 28 199 2 169 27
20456234_304574174.jpg 1162 61 88 583 638 26 463 39 833 2
20456468_2872799721.jpg 206 581 167 772 767 55 219 2 561 298
20456562_2869395312.jpg 970 339 1517 28 1400 124 868 339 239 622
20456671_418989852.jpg 2467 347 935 210 689 888 43 231 41 155
20456781_852834046.jpg 164 52 43 324 34 22 71 73 22 62
20456859_3970255468.jpg 237 37 2 82 347 10 170 468 2 2011
20456953_1900515284.jpg 1286 818 345 183 163 1307 996 2 37 27
20457109_3410711018.jpg 111 344 2780 344 1951 270 205 423 242 71
20457187_4230393655.jpg 401 1116 173 131 173 9 342 176 277 166
20457531_283969781.jpg 1400 433 530 339 1472 7 227 295 509 11
20457593_4197262336.jpg 33 9 612 549 2 860 407 1170 489 407
20457703_1123021227.jpg 24 151 30 240 14 182 108 161 1648 235
20457781_2258041507.jpg 1307 192 54 1286 1 9 315 1561 175 75
20457890_2399557098.jpg 54 36 1183 1183 17 764 3 48 71 6
20458109_4264511190.jpg 77 1046 564 1471 1 2787 40 2100 406 227
20458250_2659427051.jpg 30 58 323 258 2 531 639 378 17 32
20458500_1143785529.jpg 22 6 6 73 26 2 19 46 19 413
20458609_164712753.jpg 407 232 35 1694 779 645 422 79 60 68
20458859_213649407.jpg 74 69 481 5 730 749 192 611 2 27
20458937_630463768.jpg 63 914 416 222 900 14 32 125 45 493
20459062_990397252.jpg 78 122 5 1134 770 260 287 57 4 163
20459187_2300069361.jpg 123 1412 11 630 277 2 114 9 451 183
20459281_265441177.jpg 231 214 188 901 754 1204 959 210 10 135
20459531_3122997075.jpg 18 116 1 29 84 25 43 479 34 256
20459843_2752426851.jpg 2 361 22 6 176 17 37 27 259 265
20459937_783427889.jpg 77 8 79 677 778 1683 69 7 2396 531
20460046_2463699490.jpg 236 317 1601 77 40 284 511 684 517 352
20460328_377296466.jpg 550 50 41 48 700 833 164 2 838 200
20460437_349812712.jpg 5 429 100 1 801 49 543 1058 148 1704
20460531_3690682957.jpg 17 55 129 2 1377 2076 7 43 1072 459
20460640_567835827.jpg 10 76 76 118 424 2204 223 939 1173 125
20460703_4226643156.jpg 57 1 930 346 584 673 16 59 99 336
20460906_1532687775.jpg 5 4 310 479 34 19 22 178 543 14
20461093_538886325.jpg 55 129 32 345 1658 70 56 193 526 14
20461203_3932431188.jpg 114 35 40 72 278 1 276 2047 885 177
20461312_4034477809.jpg 2448 126 103 185 99 11 59 2 2129 2353
20461437_767248259.jpg 528 597 3 3144 129 25 37 61 274 448
20461531_3417278574.jpg 7 8 126 51 2 1093 610 27 429 159
20461687_2304302683.jpg 2411 10 110 406 9 464 366 51 510 93
20461781_470656693.jpg 652 107 86 270 42 95 2 429 875 830
20461875_1726086635.jpg 116 159 233 1484 88 312 532 34 73 117
20462000_1704540233.jpg 19 46 71 118 73 22 6 71 46 118
20462187_3854775327.jpg 94 44 429 275 1533 718 14 126 64 165
20462296_1812602904.jpg 956 65 5 9 14 642 70 530 31 57
20462390_383444265.jpg 90 2003 3187 10 386 3187 28 454 75 135
20462500_1556795245.jpg 87 1253 965 606 39 271 75 82 1004 2730
20462609_2011556981.jpg 40 50 353 1372 95 401 2139 2 30 513
20462718_552537864.jpg 392 18 20 213 61 88 115 200 412 556
20462906_854625637.jpg 890 345 2391 3043 3043 56 212 160 108 2
20463015_4099027338.jpg 120 16 9 48 24 141 666 298 221 3
20463234_989024218.jpg 577 555 1121 166 2 430 1166 664 4 164
20463406_2981945736.jpg 905 559 196 393 882 160 37 548 324 34
20463531_2821038527.jpg 132 433 3 445 244 82 135 174 16 2
20463656_1335080420.jpg 98 36 907 1251 2030 530 1068 783 53 492
20463765_3804575321.jpg 332 1555 1903 732 151 3028 1 724 205 562
20463937_3057465870.jpg 159 133 392 2 58 477 91 253 115 362
20464046_2173891452.jpg 516 220 1 11 59 168 9 240 34 2
20464218_3443033659.jpg 626 10 197 849 5 428 495 2 290 68
20464328_3769077575.jpg 5 701 16 147 227 176 916 357 2 15
20464437_427855734.jpg 23 36 345 16 147 357 37 322 491 33
20464546_762571513.jpg 199 547 243 152 494 52 526 258 2 353
20464609_3765372810.jpg 74 417 35 499 164 444 58 7 181 9
20464703_1121243394.jpg 501 43 660 307 698 959 1076 33 264 264
20464796_972111646.jpg 140 5 80 213 96 327 69 100 172 128
20464921_2530631008.jpg 833 62 330 18 19 118 71 48 73 700
20465031_3507808082.jpg 142 708 134 467 948 1008 79 156 26 312
20465156_3113053822.jpg 103 776 1416 1458 44 56 1100 666 14 55
20465281_2148673961.jpg 695 377 86 577 788 372 86 146 558 106
20465671_3699104340.jpg 120 23 163 362 104 158 243 218 172 72
20465734_55273017.jpg 993 74 279 443 475 33 475 156 1 79
20465828_3908147067.jpg 530 165 210 711 551 334 595 561 11 779
20465953_1433645536.jpg 1393 374 64 4 946 2 38 88 5 1898
20466062_2419607316.jpg 253 315 1224 15 386 497 249 15 54 664
20466140_1203083532.jpg 20 63 273 26 1614 399 7 14 202 443
20466234_1491414620.jpg 87 209 568 711 225 171 7 43 354 358
20466343_2350504523.jpg 486 62 70 28 65 44 314 36 99 335
20466406_3507300237.jpg 1 201 19 198 383 27 381 187 2 185
20466500_1537335254.jpg 64 455 457 20 2451 766 2447 579 1111 31
20466593_580910579.jpg 9 216 121 8 55 219 2 1146 498 429
20466718_255190113.jpg 104 1240 401 101 39 133 448 9 499 42
20466828_2842420474.jpg 177 1318 8 25 22 6 132 19 19 548
20466937_1694775794.jpg 194 30 193 1194 482 959 387 399 216 360
20467062_1945108840.jpg 37 27 181 99 1412 213 1045 1 617 70
20467140_3726963738.jpg 88 465 1704 173 166 56 17 258 2 130
20467296_3193810029.jpg 1129 345 44 56 686 2041 584 359 72 2
20467468_1321113967.jpg 1 361 60 44 42 110 171 331 55 219
20467578_2369053802.jpg 71 248 111 675 695 695 111 118 675 139
20467703_2219947685.jpg 630 1185 793 40 350 498 8 428 495 124
20467812_2501136958.jpg 512 903 2 425 644 481 1876 264 7 1011
20467937_2981438926.jpg 717 1258 72 500 169 234 194 73 22 1773
20468125_3825189140.jpg 69 37 283 2 196 393 3173 739 392 659
20468234_110044667.jpg 690 1713 1598 697 119 12 23 5 29 56
20468312_2771131962.jpg 354 536 11 235 410 120 2 19 6 366
20468406_3359467769.jpg 108 2250 928 956 2702 1655 1 87 209 1221
20468515_2885092360.jpg 1251 151 475 5 276 115 1251 3312 218 2
20468593_2591255903.jpg 15 167 2 42 95 144 134 74 103 303